

System 'assignment1'
-------------------

RespTime[T1] = 2.000000
RespTime[T2] = 6.000000
RespTime[T3] = 24.000000
